plate	well	controlStatus	GeneID	GeneSymbol	LocusID	Accession	VehAvg	DrugAvg	ratio	FDR	Vnorm.1	Vnorm.2	Dnorm.1	Dnorm.2	Vraw.1	Vraw.2	Draw.1	Draw.2	Batch	SI_dev
2	K01	sample	NA	NA	NA	NA	0.7515164756	0.4210423536	0.5602569834	0.0258953723	0.756337639	0.7466953123	0.4123578361	0.4297268712	87596	100096	52428	55256	1	-0.439743016564164
12	C17	sample	M-027228-00	FLJ46111	283102	NM_198473	1.0925494478	0.2439402913	0.223276202	2.13e-07	1.14303273	1.0420661657	0.4607331888	0.0271473937	115316	120640	47180	2804	7	-0.776723797966267
12	D22	sample	M-027567-00	LOC284661	284661	XM_378832	1.005653255	0.5047174418	0.5018801852	0.0005336208	1.0753127292	0.9359937808	0.0299212906	0.9795135931	108484	108360	3064	101172	7	-0.498119814816291
12	J21	sample	M-018244-00	FLJ36701	283860	NM_173617	0.6208570361	0.4198237164	0.6762003037	0.0170714011	0.7294570109	0.5122570614	0.38093006	0.4587173728	73592	59304	39008	47380	7	-0.323799696298247
13	A18	sample	M-017884-00	LOC317671	317671	NM_173362	0.7611529174	0.5070894297	0.6662122921	0.0033891157	0.7646255018	0.7576803331	0.4920712277	0.5221076317	71624	80796	52504	55688	7	-0.333787707995863
13	A24	sample	M-017911-00	ANKRD21	317754	NM_174981	0.5784243933	0.344085963	0.5948676559	0.0001941219	0.5663165087	0.590532278	0.2895595127	0.3986124133	53048	62972	30896	42516	7	-0.405132344078379
13	J15	sample	M-029344-00	LOC286149	286149	XM_379594	0.6480057178	0.4291926434	0.662328482	0.0030379234	0.6394226663	0.6565887693	0.4156326148	0.442752672	59896	70016	44348	47224	7	-0.337671517996596
13	N12	sample	M-017970-00	FLJ33207	339855	NM_178554	0.7207380731	0.3559248554	0.4938338472	0.0003827761	0.7699205739	0.6715555722	0.6527460169	0.059103694	72120	71612	69648	6304	7	-0.506166152783067
15	N15	sample	M-021940-00	LOC253970	253970	XM_378452	0.9043992371	0.4894258509	0.5411612824	0.0401978263	1.0044178095	0.8043806647	0.4285546232	0.5502970787	104584	93720	43716	53348	8	-0.458838717600683
15	O10	sample	M-029449-00	DKFZP434P0216	256158	XM_175125	0.7785398373	0.3852637423	0.4948542436	0.0125976813	0.8406899466	0.7163897281	0.3850678378	0.3854596468	87536	83468	39280	37368	8	-0.505145756431214
15	O19	sample	M-016935-00	PXT1	222659	NM_152990	0.934636573	0.5174694867	0.5536585039	0.0198632971	0.9764895701	0.8927835759	0.5143910282	0.5205479452	101676	104020	52472	50464	8	-0.446341496097222
15	P05	sample	M-032013-00	MAP1D	254042	NM_199227	0.9461919406	0.5110859807	0.540150427	0.0401978263	1.0120625408	0.8803213403	0.5889734138	0.4331985476	105380	102568	60080	41996	8	-0.459849573012726
15	P07	sample	M-025464-00	FLJ25778	254048	XM_376679	0.532722605	0.0612565941	0.1149877882	0.0002228403	0.5296377396	0.5358074705	0.0472119834	0.0753012048	55148	62428	4816	7300	8	-0.885012211760283
15	P11	sample	M-016759-00	BRODL	254065	NM_153252	0.9560556144	0.3787576298	0.3961669427	0.0059395618	1.0248549806	0.8872562483	0.3395419967	0.4179732629	106712	103376	34636	40520	8	-0.603833057329106
18	I13	sample	M-022014-00	C14ORF78	113146	XM_290629	0.9042645551	0.5844377202	0.6463127599	0.0421434324	0.929552063	0.8789770471	0.5534444011	0.6154310394	101020	110672	59596	65264	10	-0.353687240104546
18	O24	sample	M-016007-00	MGC26610	133690	NM_144647	0.9773609874	0.5839123069	0.5974377067	0.02881259	1.0139865288	0.940735446	0.5628795899	0.6049450239	110196	118448	60612	64152	10	-0.402562293331005
19	A13	sample	M-021318-00	WDR20	91833	NM_144574	0.847190171	0.5507425041	0.6500813194	0.0331649599	0.8666309792	0.8277493627	0.5711595795	0.5303254288	90660	99368	58240	52376	10	-0.349918680557374
19	G10	sample	M-010293-00	HRLP5	117245	NM_054108	0.9649357176	0.4320052488	0.4477036562	0.0031122598	0.996329293	0.9335421422	0.4343715676	0.42963893	104228	112068	44292	42432	10	-0.552296343766309
19	G24	sample	M-010863-00	RLN3	117579	NM_080864	0.8687996078	0.5193360685	0.5977627797	0.0464585762	0.8834932895	0.8541059261	0.5660207124	0.4726514246	92424	102532	57716	46680	10	-0.402237220369979
20	A05	sample	M-018600-00	DKFZP434N1817	84077	NM_032137	1.0515139474	0.7101333032	0.6753436842	0.0002460894	1.0742885182	1.0287393766	0.7107925169	0.7094740894	131364	142108	56916	58980	11	-0.324656315871136
20	A06	sample	M-018614-00	ZNF289	84364	NM_032389	0.9139330979	1.2386411302	1.3552864351	0.0060047413	0.9036310108	0.9242351851	1.2771186652	1.2001635952	110496	127672	102264	99772	11	0.355286435055626
20	A07	sample	M-015708-00	KBTBD7	84078	NM_032138	0.9358682882	0.5951674812	0.6359521833	1.68e-05	0.9815832516	0.8901533249	0.5935010116	0.5968339508	120028	122964	47524	49616	11	-0.364047816693398
20	A08	sample	M-014889-00	PRAC	84366	NM_032391	1.0455765196	1.422785057	1.3607660753	0.0053995712	1.0745175008	1.0166355384	1.4800309714	1.3655391426	131392	140436	118512	113520	11	0.360766075298159
20	A09	sample	M-014788-00	ANKRD27	84079	NM_032139	0.7957482989	1.1479959605	1.4426621611	0.0006717896	0.8292443572	0.7622522405	1.1335514649	1.1624404561	101400	105296	90768	96636	11	0.442662161086692
20	A10	sample	M-013558-00	HOOK3	84376	NM_032410	0.7507267732	0.3626773056	0.4831016004	3.15e-13	0.7867190056	0.7147345408	0.3663111622	0.359043449	96200	98732	29332	29848	11	-0.516898399594736
20	A14	sample	M-018616-00	ORF1-FL49	84418	NM_032412	1.0337222448	0.581568278	0.5625962689	1.54e-08	1.0831534184	0.9842910712	0.5996952819	0.5634412741	132448	135968	48020	46840	11	-0.437403731103301
20	A19	sample	M-017298-00	ARL6	84100	NM_032146	0.7984358305	0.5241683446	0.6564940157	7.08e-05	0.8266274125	0.7702442485	0.5292104803	0.5191262089	101080	106400	42376	43156	11	-0.343505984354744
20	A23	sample	M-014791-00	DKFZP434G072	84103	NM_032149	0.6036739498	0.8267776151	1.3695764335	0.0036662914	0.6712463199	0.5361015796	0.8565576841	0.7969975461	82080	74056	68588	66256	11	0.369576433507515
20	B08	sample	M-008332-00	N-PAC	84656	NM_032569	0.9072030336	1.272989084	1.40320197	0.0018916447	0.9649656526	0.8494404147	1.217873467	1.328104701	117996	117340	97520	110408	11	0.403201969991561
20	B13	sample	M-007556-00	SLC37A3	84255	NM_032295	1.0149984319	0.435787976	0.4293484229	1.29e-17	1.0972194962	0.9327773676	0.4237580238	0.4478179281	134168	128852	33932	37228	11	-0.570651577131762
20	B23	sample	M-014844-00	FBXW9	84261	NM_032301	0.9139367232	0.501549416	0.5487791477	3.33e-09	0.9952567877	0.8326166587	0.4701151435	0.5329836886	121700	115016	37644	44308	11	-0.451220852255606
20	C08	sample	M-024802-00	KIAA1817	84443	XM_042978	0.9340267745	1.3299864655	1.4239275594	0.0011114252	0.9671573438	0.9008962052	1.3593426081	1.3006303229	118264	124448	108848	108124	11	0.423927559477044
20	C21	sample	M-008129-00	FLJ12592	84129	NM_032169	0.9809806441	1.2996435564	1.3248411823	0.0122309219	1.0216552175	0.9403060707	1.3668856308	1.232401482	124928	129892	109452	102452	11	0.324841182358248
20	D09	sample	M-014846-00	MGC3200	84265	NM_032305	0.9398253174	1.2789237222	1.3608100341	0.0049671066	1.0099116781	0.8697389567	1.3050927892	1.2527546552	123492	120144	104504	104144	11	0.360810034079637
20	D12	sample	M-014929-00	DSCR8	84677	NM_032589	1.0518256494	0.5423697991	0.5156461048	4.09e-11	1.1233562316	0.9802950673	0.5744186627	0.5103209354	137364	135416	45996	42424	11	-0.484353895216754
20	D16	sample	M-007627-00	SLC9A7	84679	NM_032591	0.9942222673	1.536337777	1.5452659104	3.35e-05	1.0606476938	0.9277968408	1.5701975673	1.5024779868	129696	128164	125732	124904	11	0.545265910430892
20	D20	sample	M-014931-00	HINT2	84681	NM_032593	0.8982878189	1.2899950888	1.4360598704	0.0007880476	0.9508995747	0.8456760631	1.3262731973	1.2537169802	116276	116820	106200	104224	11	0.436059870353876
20	E09	sample	M-014796-00	FLJ12787	84135	NM_032175	1.0038123281	1.4560849353	1.4505549439	0.0005050387	1.0746156362	0.93300902	1.4396683068	1.4725015638	131404	128884	115280	122412	11	0.450554943926675
20	E18	sample	M-018619-00	FBN3	84467	NM_032447	0.6501427602	0.2971704999	0.4570849944	3.7e-15	0.7135099771	0.5867755433	0.3115618053	0.2827791945	87248	81056	24948	23508	11	-0.542915005608025
20	F14	sample	M-014936-00	CAPS2	84698	NM_032606	0.6114867759	0.2970637878	0.4858057434	3.46e-13	0.6572783775	0.5656951744	0.3279966031	0.2661309724	80372	78144	26264	22124	11	-0.51419425663215
20	F16	sample	M-014937-00	CREB3L3	84699	NM_032607	0.8372074655	1.1511468591	1.3749839874	0.0035494002	0.9080798168	0.7663351142	1.1178160202	1.1844776981	111040	105860	89508	98468	11	0.37498398734716
20	F17	sample	M-017963-00	GMRP-1	84280	NM_032320	0.820339717	1.1143610681	1.3584141362	0.0049671066	0.8964671246	0.7442123094	1.1177660664	1.1109560699	109620	102804	89504	92356	11	0.358414136310799
20	F21	sample	M-007087-00	RNF135	84282	NM_032322	0.9384195024	0.2975664077	0.3170931624	4.14e-46	1.0388943409	0.837944664	0.1146439543	0.4804888611	127036	115752	9180	39944	11	-0.682906837589029
20	F23	sample	M-014855-00	MGC13102	84283	NM_032323	0.9991954888	1.3330369464	1.3341102529	0.0093003504	1.0579980373	0.9403929404	1.347303744	1.3187701487	129372	129904	107884	109632	11	0.334110252923806
20	G06	sample	M-023663-00	ZNF527	84503	XM_030378	0.8304971585	1.0870075593	1.3088636706	0.015694488	0.8908079817	0.7701863354	1.1204136174	1.0536015012	108928	106392	89716	87588	11	0.308863670524595
20	G07	sample	M-014801-00	AYP1	84153	NM_032193	0.7249889179	0.9551190716	1.3174257538	0.0123338394	0.7958783121	0.6540995237	0.9437270525	0.9665110908	97320	90356	75568	80348	11	0.317425753784753
20	G08	sample	M-010588-00	LGP1	84514	NM_032484	0.7566015799	0.5126329015	0.6775466971	0.0002725513	0.8234870788	0.689716081	0.5612808152	0.4639849877	100696	95276	44944	38572	11	-0.322453302942145
20	G10	sample	M-017291-00	MCM8	84515	NM_032485	0.8001999075	0.525091708	0.6562006607	7.93e-05	0.8752698724	0.7251299425	0.5440967105	0.5060867055	107028	100168	43568	42072	11	-0.343799339250973
20	G14	sample	M-015387-00	ARPM1	84517	NM_032487	0.9314340635	1.2499148628	1.3419252223	0.0077007902	0.9875695126	0.8752986144	1.2792167245	1.220613001	120760	120912	102432	101472	11	0.341925222332176
20	G16	sample	M-014902-00	LOC84518	84518	NM_032488	0.6511557401	0.9949014148	1.5279008594	5.84e-05	0.6827281649	0.6195833152	1.0256013188	0.9642015109	83484	85588	82124	80156	11	0.527900859437413
20	G17	sample	M-014802-00	FLJ21742	84167	NM_032207	0.7566555175	1.0040855956	1.3270049214	0.0104840116	0.8145894668	0.6987215683	1.0291979919	0.9789731992	99608	96520	82412	81384	11	0.327004921342756
20	G22	sample	M-013413-00	HOP	84525	NM_032495	0.8213424726	0.433183064	0.5274085762	2.12e-10	0.8642459928	0.7784389524	0.4390938382	0.4272722899	105680	107532	35160	35520	11	-0.472591423795804
20	H05	sample	M-006805-00	MGC13186	84284	NM_032324	0.7221263263	0.5041337797	0.6981240835	0.0009776757	0.7777886817	0.6664639708	0.5269126058	0.4813549536	95108	92064	42192	40016	11	-0.30187591647854
20	H06	sample	M-014939-00	BEX2	84707	NM_032621	0.8072883801	1.1221753978	1.3900551839	0.0023999206	0.8759241086	0.7386526517	1.1031296051	1.1412211904	107108	102036	88332	94872	11	0.390055183925095
20	H08	sample	M-010682-00	OSAP	84709	NM_032623	0.8431630096	0.4419499192	0.524157149	1.61e-10	0.9139679424	0.7723580767	0.4356969803	0.4482028581	111760	106692	34888	37260	11	-0.475842851033194
20	H16	sample	M-004320-01	FAPP2	84725	NM_032639	0.6206927589	0.8139858021	1.3114150124	0.0148755424	0.6658161596	0.5755693582	0.8163948348	0.8115767695	81416	79508	65372	67468	11	0.311415012465357
20	H21	sample	M-014860-00	MGC4238	84292	NM_032332	0.8643760749	0.5607694318	0.6487563089	5.32e-05	0.9561334642	0.7726186857	0.5689237455	0.5526151181	116916	106728	45556	45940	11	-0.35124369119953
20	H24	sample	M-005824-01	CNDP1	84735	NM_032649	0.9691130356	1.282651064	1.3235309164	0.0113366271	1.0439319594	0.8942941117	1.303694083	1.261608045	127652	123536	104392	104880	11	0.323530916362154
20	I05	sample	M-019225-00	SLA2	84174	NM_032214	0.8853521185	0.3775416529	0.4264310719	7.75e-18	0.9765129212	0.7941913159	0.3582686015	0.3968147043	119408	109708	28688	32988	11	-0.573568928125089
20	I07	sample	M-028916-00	MYH16	84176	XM_376656	0.8601770668	0.5828408054	0.6775823582	0.0003456797	0.9437684004	0.7765857331	0.5838599296	0.5818216812	115404	107276	46752	48368	11	-0.3224176417512
20	I18	sample	M-014907-00	TA-KRP	84541	NM_032505	0.9235420686	1.2173667003	1.3181496997	0.0128235743	0.9877984953	0.8592856419	1.217873467	1.2168599336	120788	118700	97520	101160	11	0.318149699607523
20	I24	sample	M-013578-00	PGBD1	84547	NM_032507	0.7208630335	0.3955971927	0.5487827428	3.01e-09	0.7376185803	0.7041074867	0.3942353323	0.3969590531	90196	97264	31568	33000	11	-0.451217257210069
20	J08	sample	M-008931-00	FUT10	84750	NM_032664	0.8277800544	1.1497180366	1.3889172981	0.0025007937	0.9009813543	0.7545787546	1.0976846417	1.2017514315	110172	104236	87896	99904	11	0.388917298042297
20	J10	sample	M-015099-00	MGC4655	84752	NM_033309	0.8385559982	0.5359169098	0.6390949572	2.14e-05	0.8828917239	0.7942202725	0.5231161176	0.548717702	107960	109712	41888	45616	11	-0.360905042775472
20	J17	sample	M-014867-00	MGC13045	84304	NM_032344	0.8815196878	1.1742843837	1.3321136215	0.0093003504	0.9559044815	0.8071348941	1.2090316457	1.1395371217	116888	111496	96812	94732	11	0.332113621455977
20	J20	sample	M-014961-00	MGC13010	84773	NM_032687	0.870310715	0.5693992199	0.6542482014	6.55e-05	0.9301275761	0.810493854	0.5593825711	0.5794158687	113736	111960	44792	48168	11	-0.345751798692623
20	J23	sample	M-014870-00	ZNF397	84307	NM_032347	0.916790527	0.6052253786	0.660156667	9.09e-05	0.961988878	0.8715921759	0.6236731024	0.5867776548	117632	120400	49940	48780	11	-0.339843333009256
20	K13	sample	M-022292-00	RKHD3	84206	NM_032246	0.9603162429	1.3032292018	1.3570833686	0.0056164793	1.0049394832	0.9156930026	1.3381622	1.2682962036	122884	126492	107152	105436	11	0.357083368562483
20	K15	sample	M-014816-00	ANKRD20A	84210	NM_032250	0.8127097242	1.0800550991	1.3289555507	0.0099342161	0.8772980046	0.7481214438	1.0824986887	1.0776115094	107276	103344	86680	89584	11	0.328955550658834
20	K16	sample	M-014890-00	MT4	84560	NM_032935	0.8697103291	0.601470476	0.6915756384	0.0006286471	0.9486751717	0.7907454864	0.6588905263	0.5440504258	116004	109232	52760	45228	11	-0.308424361583705
20	K18	sample	M-007389-00	SLC12A8	84561	NM_024628	0.7159955318	1.1376401142	1.5888927565	8.43e-06	0.765063788	0.6669272756	1.1669705522	1.1083096762	93552	92128	93444	92136	11	0.588892756551138
20	K24	sample	M-014913-00	GNPTAG	84572	NM_032520	0.8643868995	0.4975339272	0.5755917026	4.06e-08	0.9063788027	0.8223949963	0.559182756	0.4358850984	110832	113604	44776	36236	11	-0.424408297386511
20	L08	sample	M-014968-00	MGC12966	84792	NM_032706	0.9716661991	1.2636702218	1.3005188643	0.0191146943	1.0288845273	0.914447871	1.2605839598	1.2667564837	125812	126320	100940	105308	11	0.300518864251367
20	L09	sample	M-014873-00	MGC11257	84310	NM_032350	0.8812697869	1.1903556549	1.3507278617	0.0062021539	0.9444880602	0.8180515137	1.2339086345	1.1468026753	115492	113004	98804	95336	11	0.350727861691163
20	L13	sample	M-014874-00	BRMS1L	84312	NM_032352	0.8473738554	1.1104789262	1.3104946761	0.0154782724	0.9172064115	0.7775412993	1.0505782152	1.1703796372	112156	107408	84124	97296	11	0.310494676137727
20	L16	sample	M-014971-00	MGC13170	84798	NM_199249	0.8870707495	1.3770170023	1.552319252	2.56e-05	0.9552502453	0.8188912537	1.3617903439	1.3922436607	116808	113120	109044	115740	11	0.552319251960635
20	L19	sample	M-014875-00	MGC13272	84315	NM_032355	0.9070222534	0.5452391473	0.6011309483	8.81e-07	0.9729146222	0.8411298846	0.5747683393	0.5157099553	118968	116192	46024	42872	11	-0.398869051717138
20	L24	sample	M-031715-00	MGC13275	84808	XM_372194	1.0202030707	1.3658997729	1.338850874	0.0089521172	1.0743866536	0.9660194878	1.4506081874	1.2811913583	131376	133444	116156	106508	11	0.338850873986102
20	M10	sample	M-009895-00	NT5C1A	84618	NM_032526	0.8639404202	1.1418553167	1.3216829425	0.0126214957	0.9144913314	0.813389509	1.0861453156	1.1975653178	111824	112360	86972	99556	11	0.321682942483075
20	M11	sample	M-014824-00	DKFZP434B227	84223	NM_032263	0.8806746226	1.227371583	1.3936720232	0.0023755502	0.9358848544	0.8254643907	1.2713240253	1.1834191406	114440	114028	101800	98380	11	0.393672023154405
20	M14	sample	M-008402-00	ST6GALII	84620	NM_032528	0.9170173968	1.3250189895	1.4449224126	0.0006492867	0.9422309454	0.8918038483	1.3482528661	1.3017851128	115216	123192	107960	108220	11	0.444922412597085
20	M18	sample	M-021455-00	KIRREL3	84623	NM_032531	0.919611106	1.2106886506	1.3165224329	0.0144791645	0.9510958456	0.8881263664	1.2537402902	1.167637011	116300	122684	100392	97068	11	0.316522432907634
20	M22	sample	M-025366-00	KIAA1862	84626	XM_044212	1.0223098878	1.4095185105	1.3787585617	0.0032222974	1.1050376186	0.939582157	1.4049004671	1.4141365539	135124	129792	112496	117560	11	0.378758561685507
20	N06	sample	M-014974-00	MGC13125	84811	NM_032725	0.7380635038	1.2093068483	1.6384861763	2.07e-06	0.7595682041	0.7165588035	1.1289057622	1.2897079344	92880	98984	90396	107216	11	0.638486176424864
20	N22	sample	M-014980-00	C6ORF105	84830	NM_032744	0.9523063239	0.6529019798	0.6856008024	0.0004551237	0.9963035656	0.9083090822	0.6246222244	0.6811817351	121828	125472	50016	56628	11	-0.31439919764876
20	N24	sample	M-014982-00	USMG5	84833	NM_032747	0.7965726512	0.5482344027	0.6882415582	0.0004551237	0.835786719	0.7573585834	0.6028923246	0.4935764808	102200	104620	48276	41032	11	-0.311758441776641
20	O07	sample	M-014830-00	DKFZP547F072	84234	NM_032274	1.0303992092	1.3873996018	1.3464680381	0.0070608154	1.0830225711	0.9777758473	1.4279291655	1.346870038	132432	135068	114340	111968	11	0.346468038176363
20	O12	sample	M-007954-00	IL1F10	84639	NM_032556	0.9504750203	1.2942702193	1.3617088211	0.0049745202	1.0042525352	0.8966975054	1.3036441292	1.2848963095	122800	123868	104388	106816	11	0.361708821070844
20	O15	sample	M-021844-00	ZDHHC18	84243	XM_046911	0.713954549	1.2785588351	1.7908126463	9.14e-09	0.7295060517	0.6984030462	1.3074905712	1.2496270991	89204	96476	104696	103884	11	0.790812646309703
20	O16	sample	M-016823-00	C22ORF23	84645	NM_032561	0.7573448703	0.4683308313	0.6183851633	3.23e-06	0.7726202159	0.7420695247	0.5044333991	0.4322282635	94476	102508	40392	35932	11	-0.381614836693243
20	O18	sample	M-010290-00	PLA2G12B	84647	NM_032562	0.8674922615	1.1385926398	1.3125104283	0.015694488	0.8757278377	0.8592566853	1.1782101556	1.0989751239	107084	118696	94344	91360	11	0.312510428371124
20	P05	sample	M-014885-00	C14ORF153	84334	NM_032374	0.8004720898	1.2079532352	1.5090510345	9.29e-05	0.8555446516	0.745399528	1.2057346954	1.210171775	104616	102968	96548	100604	11	0.509051034498667
20	P06	sample	M-009831-00	MGC15429	84836	NM_032750	0.5488028093	0.7434719448	1.3547159966	0.005993724	0.5602878639	0.5373177547	0.741863776	0.7450801136	68512	74224	59404	61940	11	0.354715996713467
20	P09	sample	M-014888-00	MGC4549	84337	NM_032377	0.6546051927	0.4089707205	0.6247593589	6.6e-06	0.6774942754	0.63171611	0.4084721632	0.4094692778	82844	87264	32708	34040	11	-0.375240641136454
20	P10	sample	M-016157-00	MGC15631	84839	NM_032753	0.6122618397	1.1370784375	1.8571767238	8.24e-10	0.62260386	0.6019198193	1.1246596898	1.1494971852	76132	83148	90056	95560	11	0.857176723850717
20	P18	sample	M-014987-00	PHF5A	84844	NM_032758	0.5347168263	1.1405842537	2.1330622071	2.18e-14	0.5618253189	0.5076083337	1.119064865	1.1621036424	68700	70120	89608	96608	11	1.13306220713556
20	P21	sample	M-013518-00	KRTAP9-2	83899	NM_031961	0.5447417199	0.8614286314	1.5813524098	9.54e-06	0.5952240759	0.4942593638	0.8713440068	0.851513256	72784	68276	69772	70788	11	0.58135240979377
20	P22	sample	M-014989-00	MGC16121	84848	NM_032762	0.645014457	0.3671930528	0.569278795	3.13e-08	0.6579653255	0.6320635886	0.3646127332	0.3697733725	80456	87312	29196	30740	11	-0.430721205026361
21	A10	sample	M-024214-00	KIAA1729	85460	XM_114418	0.7575204871	0.3796167713	0.5011306991	6.68e-12	0.8309575556	0.6840834186	0.3762686531	0.3829648895	103996	96308	31216	30628	11	-0.498869300877552
21	A14	sample	M-024060-00	KIAA1727	85462	XM_034262	0.7921143568	0.3263398	0.4119857155	2.97e-19	0.8703975965	0.7138311172	0.3286323859	0.3240472142	108932	100496	27264	25916	11	-0.58801428451852
21	A17	sample	M-008420-01	FLJ14431	84869	NM_032783	0.7856472233	1.5671613613	1.9947392606	3.53e-12	0.8652198926	0.7060745539	1.5222390974	1.6120836251	108284	99404	126288	128928	11	0.994739260665999
21	A20	sample	M-013685-00	EFG1	85476	NM_024996	0.7928684384	1.3244852919	1.6704981908	5.87e-07	0.8432945538	0.742442323	1.3281743449	1.3207962389	105540	104524	110188	105632	11	0.67049819081309
21	A23	sample	M-014995-00	FLJ14451	84872	NM_032786	0.7786450667	1.2563207778	1.6134704136	3.05e-06	0.872155459	0.6851346744	1.3117812975	1.2008602581	109152	96456	108828	96040	11	0.613470413579389
21	B07	sample	M-021473-00	JUB	84962	NM_198086	0.9738909363	0.3978358553	0.4085014456	1.44e-19	1.0814050115	0.866376861	0.3808972783	0.4147744323	135340	121972	31600	33172	11	-0.591498554415261
21	B21	sample	M-005790-00	APG4D	84971	NM_032885	0.9382647316	0.4732443666	0.5043825592	8.88e-12	1.0146701611	0.8618593022	0.4539909838	0.4924977493	126988	121336	37664	39388	11	-0.495617440807171
21	B22	sample	M-023805-00	ZNF616	90317	XM_030892	0.9603307935	0.4579293378	0.4768454171	1.37e-13	1.0482613142	0.8724002728	0.4706251055	0.4452335701	131192	122820	39044	35608	11	-0.523154582879675
21	B24	sample	M-023807-00	LOC90321	90321	XM_030896	0.6133375401	0.7989789713	1.3026741705	0.015694488	0.6896254155	0.5370496647	0.8297774885	0.7681804541	86308	75608	68840	61436	11	0.302674170522373
21	C20	sample	M-027120-00	ANKRD13	88455	NM_033121	0.9212528626	1.2268586858	1.3317284925	0.0098695782	0.972833035	0.8696726901	1.2476555531	1.2060618185	121752	122436	103508	96456	11	0.331728492440275
21	C22	sample	M-015066-00	LOC88523	88523	NM_033111	0.8206321511	1.1259463432	1.3720475633	0.0040708865	0.8538736896	0.7873906126	1.1542633977	1.0976292888	106864	110852	95760	87784	11	0.372047563260528
21	D13	sample	M-015040-00	BJ-TSA-9	84985	NM_032899	0.5729984738	0.834778377	1.4568596868	0.0004727828	0.5804781386	0.565518809	0.846459825	0.8230969291	72648	79616	70224	65828	11	0.456859686752625
21	D20	sample	M-016393-00	MGC39325	90362	NM_147189	0.9283001403	1.2588871168	1.356120787	0.0054836584	0.9905075428	0.8660927378	1.2533449049	1.2644293288	123964	121932	103980	101124	11	0.356120787015247
21	E16	sample	M-018172-00	SIGLEC10	89790	NM_033130	0.9588915744	0.6029806489	0.6288308971	9.97e-06	1.0264318589	0.8913512899	0.5961283479	0.6098329499	128460	125488	49456	48772	11	-0.371169102953795
21	E21	sample	M-015203-00	PLXDC2	84898	NM_032812	1.0118202623	0.5230185609	0.5169085661	4.61e-11	1.0660317054	0.9576088192	0.4950218172	0.5510153046	133416	134816	41068	44068	11	-0.483091433935993
21	F06	sample	M-018755-00	MGC45866	90381	NM_152259	0.767236892	1.1960436357	1.5588974516	2.31e-05	0.8035668627	0.7309069212	1.1702707264	1.221816545	100568	102900	97088	97716	11	0.558897451685554
21	F13	sample	M-015048-00	MGC13159	85013	NM_032927	0.8462587121	1.2525284996	1.4800775243	0.0002412687	0.8855791358	0.8069382884	1.225573154	1.2794838452	110832	113604	101676	102328	11	0.480077524391846
21	F18	sample	M-022219-00	FLJ14502	90417	XM_031561	0.7107283498	1.0604404393	1.4920474743	0.0001569873	0.7616658144	0.6597908853	1.0651141486	1.05576673	95324	92888	88364	84436	11	0.492047474290011
21	G05	sample	M-007097-00	FLJ14627	84900	NM_032814	0.8915212226	1.2259841328	1.375159785	0.0037586332	0.9293658911	0.8536765542	1.1993924929	1.2525757727	116312	120184	99504	100176	11	0.375159784930107
21	G09	sample	M-021334-00	FLJ14640	84902	NM_032816	0.8061187245	1.0999636997	1.3645182357	0.0046792057	0.8552480184	0.7569894306	1.0912948097	1.1086325898	107036	106572	90536	88664	11	0.364518235737867
21	G19	sample	M-018627-00	ZNF382	84911	NM_032825	0.8379030619	1.1365342271	1.3564030002	0.0054307799	0.9008885196	0.7749176043	1.1055181891	1.1675502651	112748	109096	91716	93376	11	0.356403000193142
21	H11	sample	M-013324-00	HIST1H2AH	85235	NM_080596	0.8668682993	1.1676638939	1.3469911114	0.0067361012	0.927224495	0.8065121036	1.1379185651	1.1974092228	116044	113544	94404	95764	11	0.346991111444372
21	I05	sample	M-015014-00	FLJ14768	84922	NM_032836	0.7533803777	1.039779015	1.3801514425	0.0032043615	0.8078176937	0.6989430617	1.0332441359	1.0463138942	101100	98400	85720	83680	11	0.380151442521437
21	I08	sample	M-007481-00	SLC25A21	89874	NM_030631	0.8702419081	0.6090107197	0.6998177334	0.0009776757	0.9355343902	0.8049494261	0.5611243702	0.6568970691	117084	113324	46552	52536	11	-0.300182266624389
21	I13	sample	M-015018-00	FLJ14803	84928	NM_032842	0.9304262859	1.2645899915	1.3591511876	0.0053851288	0.9776272053	0.8832253665	1.2948096719	1.2343703111	122352	124344	107420	98720	11	0.359151187648104
21	I16	sample	M-015802-00	KBTBD6	89890	NM_152903	0.9453421435	1.2804330728	1.3544652396	0.0058886045	0.9919457939	0.898738493	1.27668089	1.2841852556	124144	126528	105916	102704	11	0.354465239566169
21	J13	sample	M-018890-00	BAGE2	85319	NM_182482	0.8755351774	1.2778216863	1.459474981	0.0003957769	0.9425978011	0.8084725537	1.2759094525	1.2797339202	117968	113820	105852	102348	11	0.459474980942097
21	K07	sample	M-017961-00	ZFYVE19	84936	NM_032850	0.8649273133	0.462286459	0.5344801256	5.88e-10	0.9288545129	0.8010001136	0.4488802102	0.4756927078	116248	112768	37240	38044	11	-0.465519874423968
21	K08	sample	M-018681-00	LOC89944	89944	NM_138342	0.5600727717	0.8475817118	1.513342113	7.86e-05	0.6191511122	0.5009944312	0.7942431475	0.9009202761	77488	70532	65892	72052	11	0.513342113074553
21	L09	sample	M-015102-00	MIRAB13	85377	NM_033386	0.9089698685	1.2496033489	1.374746724	0.0036250945	0.9726732294	0.8452665076	1.257684241	1.2415224567	121732	119000	104340	99292	11	0.374746723906393
21	L11	sample	M-010118-00	TUBGCP6	85378	NM_020461	0.8249068866	1.1584972575	1.4043976069	0.0017357566	0.8848120685	0.7650017047	1.1413418191	1.1756526958	110736	107700	94688	94024	11	0.404397606892278
21	L15	sample	M-015221-00	C21ORF70	85395	NM_058190	0.8474318336	1.1784375058	1.3905985816	0.0022350448	0.9427895679	0.7520740993	1.1328077915	1.2240672202	117992	105880	93980	97896	11	0.390598581650922
21	L18	sample	M-015525-00	LOC90736	90736	NM_138362	0.7927741768	1.072409595	1.3527302306	0.0059150316	0.8467143953	0.7388339584	1.0562426171	1.088576573	105968	104016	87628	87060	11	0.352730230582308
21	L19	sample	M-019284-00	EAF1	85403	NM_033083	0.6579834702	1.0053917045	1.5279893037	4.3e-05	0.7425210943	0.5734458461	1.0346905812	0.9760928278	92928	80732	85840	78064	11	0.527989303734943
21	M10	sample	M-019334-00	ZNF30	90075	NM_194325	1.0236992236	0.7097175499	0.693287182	0.0007480189	1.0880848888	0.9593135584	0.6923169644	0.7271181354	136176	135056	57436	58152	11	-0.306712818044185
21	M11	sample	M-014833-00	FLJ14936	84950	NM_032864	0.6733880418	0.9543712979	1.4172679623	0.0010700711	0.7479864485	0.5987896352	0.9586075553	0.9501350405	93612	84300	79528	75988	11	0.417267962285244
21	M24	sample	M-015297-00	LOC90139	90139	NM_130783	0.7906791115	0.3256502221	0.4118614206	2e-19	0.8386601892	0.7426980339	0.3106482486	0.3406521957	104960	104560	25772	27244	11	-0.588138579364245
21	N06	sample	M-015529-00	LOC90799	90799	NM_138363	0.9161261788	0.5904807187	0.6445408203	3.98e-05	1.0153413449	0.8169110126	0.575829898	0.6051315395	127072	115008	47772	48396	11	-0.355459179699814
21	N12	sample	M-024046-00	LOC90826	90826	NM_138364	0.9782598698	1.2723830673	1.3006595759	0.0178268715	1.0687484019	0.8877713377	1.2537788385	1.2909872962	133756	124984	104016	103248	11	0.300659575875408
21	N20	sample	M-007104-00	ZNF598	90850	NM_178167	1.0190434771	0.5640679324	0.5535268564	7.27e-09	1.1221874201	0.915899534	0.5600154288	0.5681204361	140444	128944	46460	45436	11	-0.4464731435376
21	N21	sample	M-031725-00	DOCK7	85440	NM_033407	1.0096243373	0.691681498	0.6850879802	0.0004950475	1.09121708	0.9280315945	0.6819025578	0.7014604381	136568	130652	56572	56100	11	-0.314912019817201
21	O10	sample	M-019331-00	LOC90167	90167	NM_194277	0.9225299694	0.5048817	0.5472794562	2.61e-09	0.9651304014	0.8799295374	0.4900074733	0.5197559268	120788	123880	40652	41568	11	-0.452720543725677
21	O12	sample	M-024190-00	EMILIN3	90187	NM_052846	0.9532990622	1.3274171543	1.392445673	0.0024410595	0.9991370493	0.9074610751	1.3238350088	1.3309992998	125044	127756	109828	106448	11	0.392445673067819
21	O16	sample	M-017629-00	WFDC8	90199	NM_130896	0.8754871285	0.5964128713	0.6812354538	0.0003604405	0.903349527	0.8476247301	0.5942961838	0.5985295589	113056	119332	49304	47868	11	-0.318764546158672
21	O18	sample	M-013643-00	C20ORF161	90203	NM_033421	0.9522895222	1.2845017056	1.3488562833	0.0067810787	0.9786499616	0.9259290829	1.2797666401	1.289236771	122480	130356	106172	103108	11	0.348856283239443
21	O20	sample	M-018444-00	ZSWIM1	90204	NM_080603	0.7092607402	1.1467750178	1.6168595733	3.67e-06	0.7393249808	0.6791964996	1.110195029	1.1833550065	92528	95620	92104	94640	11	0.616859573288419
21	O22	sample	M-018173-00	UCN2	90226	NM_033199	0.6805812043	0.3851395866	0.5658980651	2.16e-08	0.71762337	0.6435390385	0.3657578168	0.4045213564	89812	90600	30344	32352	11	-0.43410193494188
21	P08	sample	M-015046-00	MGC16279	85002	NM_032916	0.5303771103	0.3625494949	0.6835692716	0.0003957769	0.5648171823	0.4959370383	0.3367324799	0.38836651	70688	69820	27936	31060	11	-0.316430728420898
21	P11	sample	M-024163-00	KIAA1755	85449	XM_028810	0.8534700854	1.2256065106	1.4360274971	0.0008007144	0.8862503196	0.8206898511	1.2477519828	1.2034610383	110916	115540	103516	96248	11	0.436027497141145
21	P16	sample	M-013655-00	KRTAP4-14	85282	NM_033059	0.7551652249	0.4670594864	0.618486486	5.24e-06	0.8448286883	0.6655017616	0.4477230539	0.4863959188	105732	93692	37144	38900	11	-0.381513513971827
21	P20	sample	M-013660-00	KRTAP4-5	85289	NM_033188	0.6590251275	0.4417933496	0.6703740588	0.0001569873	0.6760738941	0.641976361	0.4079940214	0.4755926778	84612	90380	33848	38036	11	-0.329625941210441
21	P23	sample	M-019119-00	KIAA1737	85457	NM_033426	0.6508261792	0.3503650514	0.5383389031	1.2e-09	0.7228649962	0.5787873622	0.3397218003	0.3610083025	90468	81484	28184	28872	11	-0.461661096929643
21	P24	sample	M-013676-00	KRTAP9-4	85280	NM_033191	0.6436560441	0.9565091255	1.4860563096	0.0002049437	0.6712477627	0.6160643255	0.9298232926	0.9831949585	84008	86732	77140	78632	11	0.486056309604691
22	B17	sample	M-015736-00	ZNF570	148268	NM_144694	0.906291767	0.6224918218	0.6868558719	0.0480939604	0.9808972347	0.8316862993	0.6242096989	0.6207739448	108756	105200	73060	72124	12	-0.313144128065328
22	B18	sample	M-016744-00	MGC27085	151827	NM_153353	0.7660366326	0.4627675847	0.6041063377	0.0029413557	0.9349351516	0.5971381137	0.4693277742	0.4562073952	103660	75532	54932	53004	12	-0.39589366229247
22	C20	sample	M-008922-00	DNAJB7	150353	NM_145174	0.8199751051	0.5454994532	0.6652634327	0.0172191261	0.8878907589	0.7520594513	0.6178872902	0.4731116161	98444	95128	72320	54968	12	-0.334736567296792
22	E09	sample	M-017591-00	WIRE	147179	NM_133264	0.7650999812	0.5008721566	0.6546492863	0.0172191261	0.8700687267	0.6601312357	0.4992310584	0.5025132548	96468	83500	58432	58384	12	-0.345350713753226
22	F17	sample	M-018554-00	MGC16664	148753	NM_173509	0.8857387918	0.5994393968	0.6767676908	0.0331751186	0.9581326551	0.8133449285	0.5784491302	0.6204296633	106232	102880	67704	72084	12	-0.32323230923214
22	J18	sample	M-017948-00	LOC152831	152831	NM_175737	0.8559284936	0.5613928406	0.6558875477	0.0172191261	0.9721305265	0.7397264606	0.5654283859	0.5573572953	107784	93568	66180	64756	12	-0.344112452347977
22	P24	sample	M-007146-00	FLJ31951	153830	NM_144726	0.7903912568	0.4253910632	0.5382031487	0.0001840857	1.0523296715	0.5284528421	0.4380574827	0.4127246437	116676	66844	51272	47952	12	-0.461796851192092
23	A19	sample	M-028605-00	LOC154092	154092	XM_379434	0.9616173566	0.6172373619	0.6418741901	0.008474833	1.0632635334	0.8599711798	0.6741931063	0.5602816176	115060	109808	78708	65256	12	-0.358125809903877
23	B09	sample	M-017031-00	TTC16	158248	NM_144965	1.0159089106	0.6249424867	0.6151560245	0.0024467625	1.0721348439	0.9596829773	0.5908654835	0.65901949	116020	122540	68980	76756	12	-0.384843975449623
23	B10	sample	M-018745-00	C1QL2	165257	NM_182528	1.0161069139	0.6635368576	0.653018741	0.014088784	1.1063633171	0.9258505106	0.670526965	0.6565467502	119724	118220	78280	76468	12	-0.346981259003664
23	B16	sample	M-015380-00	DQX1	165545	NM_133637	0.8557229534	0.555058556	0.6486428274	0.0110155393	0.9059825901	0.8054633168	0.5425546495	0.5675624624	98040	102848	63340	66104	12	-0.351357172654792
23	D24	sample	M-018468-00	RASSF6	166824	NM_177532	1.0277294955	0.5641072906	0.5488869328	8.44e-05	1.2195464542	0.8359125368	0.5432399095	0.5849746716	131972	106736	63420	68132	12	-0.451113067183543
23	E11	sample	M-017595-00	AMOTL1	154810	NM_130847	1.0724314633	0.5171318271	0.4822050124	1.53e-07	1.1554512355	0.989411691	0.4500445419	0.5842191122	125036	126336	52540	68044	12	-0.517794987585655
23	F15	sample	M-017005-00	OTEX	158800	NM_139282	0.8485953371	0.4123478155	0.4859180784	2.81e-07	0.9197331214	0.7774575528	0.3930651682	0.4316304628	99528	99272	45888	50272	12	-0.514081921650474
23	O21	sample	M-016769-00	C9ORF52	158219	NM_152574	0.8900160731	0.5105788479	0.5736737384	0.0006450547	1.1272848245	0.6527473216	0.4443911464	0.5767665493	121988	83348	51880	67176	12	-0.426326261614248
23	P12	sample	M-026282-00	PWWP2	170394	NM_138499	0.9297707461	0.6225785902	0.6696044082	0.0246496763	0.9880422127	0.8714992795	0.6297197286	0.6154374517	106920	111280	73516	71680	12	-0.330395591858039
23	P24	sample	M-007258-00	LOC168474	168474	XM_095122	0.5700376986	0.0554975893	0.0973577526	3e-44	1.0382020811	0.1018733162	0.0598232029	0.0511719756	112348	13008	6984	5960	12	-0.902642247378668
24	B16	sample	M-014750-00	SYT14L	83851	NM_031914	0.7441096213	0.5089957599	0.6840333001	0.0204645594	0.7716908402	0.7165284024	0.4875190625	0.5304724572	94492	88272	48592	51424	13	-0.315966699959131
24	C19	sample	M-014627-00	MGC4659	80757	NM_025268	1.0349874437	0.4934844015	0.4768023076	0.0083132619	1.0408663269	1.0291085605	0.4872782727	0.4996905302	127452	126780	48568	48440	13	-0.523197692441725
24	D14	sample	M-009735-00	RAB34	83871	NM_031934	0.7934299683	0.4330327005	0.5457730585	0.0085678067	0.8252319352	0.7616280014	0.4376354443	0.4284299567	101048	93828	43620	41532	13	-0.45422694150586
24	D15	sample	M-014670-00	FIP1L1	81608	NM_030917	0.743378712	0.4890579893	0.6578853839	0.0085678067	0.7554880439	0.73126938	0.4880809054	0.4900350732	92508	90088	48648	47504	13	-0.34211461609235
24	D16	sample	M-013514-00	FIBL-6	83872	NM_031935	0.9870336702	0.5217468171	0.5286008298	0.0085678067	1.0258068731	0.9482604672	0.5225941087	0.5208995255	125608	116820	52088	50496	13	-0.471399170181591
24	D19	sample	M-014671-00	C20ORF129	81610	NM_030919	0.8587567533	0.5171353838	0.6021907621	0.0085678067	0.8570495231	0.8604639836	0.5087085641	0.5255622034	104944	106004	50704	50948	13	-0.397809237909733
24	E19	sample	M-014631-00	MGC10993	80775	NM_030577	0.8721315717	0.5560661226	0.6375943041	0.0085678067	0.8884097739	0.8558533695	0.5512079621	0.5609242831	108784	105436	54940	54376	13	-0.362405695833153
24	G11	sample	M-023422-00	KIAA1713	80816	XM_290811	0.8706771045	0.4491317177	0.5158418837	0.0125341806	0.9227753822	0.8185788269	0.4239906895	0.474272746	112992	100844	42260	45976	13	-0.484158116248929
24	G18	sample	M-014731-00	C19ORF12	83636	NM_031448	0.7997426094	0.4987272088	0.6236096501	0.0225943194	0.7975630472	0.8019221715	0.457821655	0.5396327625	97660	98792	45632	52312	13	-0.376390349946033
24	H20	sample	M-013521-00	KRTAP17-1	83902	NM_031964	0.9054996632	0.6255213515	0.6908024121	0.0085678067	0.9118646283	0.8991346981	0.6324745164	0.6185681865	111656	110768	63040	59964	13	-0.309197587948921
24	I06	sample	M-014732-00	C10ORF45	83641	NM_031453	0.8433002407	0.5357717038	0.635327346	0.0187349574	0.8673722723	0.8192282092	0.505337507	0.5662059006	106208	100924	50368	54888	13	-0.364672654043707
24	K17	sample	M-015661-00	CRR9	81037	NM_030782	0.9018840332	0.5487882615	0.6084909382	0.0085678067	0.9026852215	0.9010828449	0.565494823	0.5320817	110532	111008	56364	51580	13	-0.391509061810498
24	L07	sample	M-014684-00	CMT4B2	81846	NM_030962	0.679332911	0.4686439382	0.6898590229	0.0331011613	0.6320070561	0.7266587658	0.4550927041	0.4821951723	77388	89520	45360	46744	13	-0.310140977058459
24	L10	sample	M-003987-00	SPINL	83985	NM_032038	0.9083735478	0.5801060182	0.6386205539	0.0085678067	0.9227100483	0.8940370473	0.5684645638	0.5917474727	112984	110140	56660	57364	13	-0.361379446093554
24	L14	sample	M-014775-00	CCDC8	83987	NM_032040	0.9177696253	0.6214595932	0.6771411648	0.0085678067	0.9107539527	0.924785298	0.6220402922	0.6208788942	111520	113928	62000	60188	13	-0.322858835121068
24	L19	sample	M-018729-00	BA108L7.2	81855	NM_030971	0.8093231073	0.553894916	0.6843928105	0.0374071498	0.8626029008	0.7560433138	0.5252026647	0.5825871673	105624	93140	52348	56476	13	-0.31560718950944
24	L23	sample	M-014689-00	ARC92	81857	NM_030973	0.8486623645	0.5709726666	0.6727913131	0.0199571495	0.8796550372	0.8176696917	0.5958343366	0.5461109965	107712	100732	59388	52940	13	-0.327208686908091
24	M11	sample	M-019362-00	HCCA2	81532	NM_053005	0.913833164	0.6007532087	0.6573992194	0.0231270987	0.9403828564	0.8872834716	0.5614816598	0.6400247576	115148	109308	55964	62044	13	-0.342600780573115
24	N10	sample	M-014778-00	KATNAL1	84056	NM_032116	0.7828197008	0.4177940666	0.533704078	0.0085678067	0.7846922775	0.780947124	0.394614335	0.4409737982	96084	96208	39332	42748	13	-0.466295922037064
24	N11	sample	M-008958-00	RAB1B	81876	NM_030981	0.5640275939	0.3401213782	0.6030225859	0.0115656951	0.5437410166	0.5843141711	0.3533188859	0.3269238704	66580	71984	35216	31692	13	-0.396977414121953
24	N13	sample	M-018577-00	FLJ12525	81887	NM_031206	0.9212430592	0.616630886	0.6693465745	0.0115656951	0.9373121652	0.9051739533	0.5986836825	0.6345780895	114772	111512	59672	61516	13	-0.330653425490109
24	P05	sample	M-032282-00	CABLES2	81928	NM_031215	0.9127436132	0.550816256	0.6034731419	0.0188335834	0.9612243565	0.8642628699	0.5797014207	0.5219310914	117700	106472	57780	50596	13	-0.396526858052848
24	P06	sample	M-014783-00	DKFZP566M1046	84067	NM_032127	0.6152784756	0.2750645149	0.4470569438	0.0452996385	0.7094276754	0.5211292758	0.2381009712	0.3120280586	86868	64200	23732	30248	13	-0.552943056179942
24	P09	sample	M-014698-00	ZNF505	81931	NM_031218	0.9864000094	0.6743262634	0.6836235371	0.0115656951	0.9559323141	1.0168677046	0.6799502368	0.6687022901	117052	125272	67772	64824	13	-0.316376462836456
25	A09	sample	M-007302-00	ABCB4	5244	NM_000443	1.0498261141	0.6231179471	0.5935439581	0.0456881783	1.0929720631	1.0066801652	0.543363382	0.7028725121	135052	126284	52440	65332	13	-0.406456041956517
25	B24	sample	M-020884-00	HNT	50863	NM_016522	0.7871477284	0.4974511963	0.6319667558	0.0085678067	0.8124696514	0.7618258055	0.4943321936	0.500570199	100392	95568	47708	46528	13	-0.368033244179528
25	D24	sample	M-019455-00	HSPA6	3310	NM_002155	0.9328443612	0.4681028241	0.5018016333	0.0085678067	0.9666245832	0.8990641392	0.4628328671	0.4733727811	119440	112784	44668	44000	13	-0.498198366662325
25	E10	sample	M-003773-01	ELAVL1	1994	NM_001419	0.9454984215	0.6428121472	0.6798659126	0.023996576	0.9681136901	0.9228831529	0.6025904051	0.6830338892	119624	115772	58156	63488	13	-0.320134087447548
25	F19	sample	M-019154-00	CDK5RAP2	55755	NM_018249	0.7919593328	0.5326005221	0.6725099384	0.0233840846	0.8290440581	0.7548746074	0.507180603	0.5580204411	102440	94696	48948	51868	13	-0.327490061641678
25	G14	sample	M-011032-00	F8	2157	NM_000132	0.6251623672	0.4213911471	0.6740507253	0.0187349574	0.6228675019	0.6274572326	0.4425240908	0.4002582033	76964	78712	42708	37204	13	-0.325949274740193
25	G24	sample	M-015808-00	FLJ10511	55156	NM_018120	0.6696136316	0.3899998066	0.5824251303	0.0462875513	0.7506393448	0.5885879183	0.4154595379	0.3645400753	92752	73836	40096	33884	13	-0.417574869709207
25	H15	sample	M-011831-00	CETN1	1068	NM_004066	0.7565608206	0.4229997209	0.5591086789	0.0175106979	0.811401379	0.7017202621	0.4371774946	0.4088219473	100260	88028	42192	38000	13	-0.440891321014363
25	H18	sample	M-006625-00	IGFBP6	3489	NM_002178	0.8232878685	0.5140322684	0.6243651681	0.0210747264	0.8864717879	0.7601039491	0.5183711532	0.5096933835	109536	95352	50028	47376	13	-0.37563483197372
25	J13	sample	M-020189-00	CIRBP	1153	NM_001280	0.7744281719	0.5161596746	0.6665042587	0.0342939038	0.7916221553	0.7572341884	0.4724484509	0.5598708983	97816	94992	45596	52040	13	-0.333495741293906
25	K22	sample	M-008717-00	GEM	2669	NM_005261	0.9198749254	0.6001085256	0.6523805672	0.0085678067	0.9060891522	0.9336606986	0.5864677236	0.6137493276	111960	117124	56600	57048	13	-0.347619432784247
25	L21	sample	M-004412-00	CRADD	8738	NM_003805	0.9640429033	0.6696299898	0.6946060051	0.023996576	0.9429607329	0.9851250737	0.6302766553	0.7089833244	116516	123580	60828	65900	13	-0.305393994854586
25	M23	sample	M-004296-01	CBX5	23468	NM_012117	0.9408195487	0.6335664603	0.6734197447	0.0204645594	0.8927195623	0.9889195351	0.61572894	0.6514039806	110308	124056	59424	60548	13	-0.326580255293966
25	N17	sample	M-011020-00	CYBA	1535	NM_000101	0.7476107576	0.4751467596	0.6355536685	0.0456881783	0.7574698132	0.7377517019	0.4208475806	0.5294459387	93596	92548	40616	49212	13	-0.364446331394285
25	P09	sample	M-004419-01	DATF1	11083	NM_022105	0.9419513907	0.5499006115	0.5837887358	0.0085678067	0.926710045	0.9571927363	0.5644596415	0.5353415815	114508	120076	54476	49760	13	-0.416211264234625
27	A14	sample	M-013799-00	HTCD37	58497	NM_021222	1.0016767662	0.6534001896	0.6523064243	0.0130339024	0.983598764	1.0197547684	0.6539063047	0.6528940746	107588	119760	56028	57076	14	-0.347693575714285
27	A23	sample	M-023417-00	KLHL14	57565	NM_020805	0.8169229471	0.3305073736	0.4045759453	0.0202407336	0.7568704174	0.8769754768	0.3739408511	0.2870738961	82788	102992	32040	25096	14	-0.595424054651335
27	D12	sample	M-013926-00	FLJ22794	63901	NM_022074	0.9890219943	0.6248603378	0.6317962	0.0170893833	1.0416339069	0.9364100817	0.6182862211	0.6314344544	113936	109972	52976	55200	14	-0.368203799964775
27	D19	sample	M-021955-00	KIAA1596	57697	XM_048128	1.0117136986	0.6872757305	0.6793183995	0.0286777107	1.0805799857	0.9428474114	0.6670245793	0.7075268817	118196	110728	57152	61852	14	-0.320681600451776
27	F15	sample	M-014190-00	ZNF529	57711	NM_020951	0.9437513106	0.6438419839	0.6822157242	0.0162477535	0.9680203324	0.9194822888	0.6359795523	0.6517044155	105884	107984	54492	56972	14	-0.317784275721248
27	F24	sample	M-013901-00	FLJ22965	63932	NM_022101	1.0741009204	0.74758389	0.6960089837	0.0360742166	1.1567168273	0.9914850136	0.763847716	0.7313200641	126524	116440	65448	63932	14	-0.303991016284768
27	G10	sample	M-008082-00	SIGIRR	59307	NM_021805	1.0085316716	0.619406641	0.6141667718	0.0181907919	1.0468998556	0.9701634877	0.6542330945	0.5845801876	114512	113936	56056	51104	14	-0.385833228185462
27	G12	sample	M-006030-01	SCPEP1	59342	NM_021626	0.8853283676	0.6082505335	0.6870338236	0.0277939484	0.9081567351	0.8625	0.569921337	0.64657973	99336	101292	48832	56524	14	-0.312966176399348
27	H19	sample	M-024148-00	ZFYVE28	57732	XM_035371	0.9643046559	0.6326598049	0.6560787621	0.0189348272	0.9977510011	0.9308583106	0.6042809458	0.6610386639	109136	109320	51776	57788	14	-0.343921237949087
27	I09	sample	M-028936-00	KIAA1466	57612	XM_371953	0.6875935059	0.1210610178	0.1760648068	0.0140069736	0.6435793823	0.7316076294	0.1440209145	0.098101121	70396	85920	12340	8576	14	-0.823935193220964
27	I10	sample	M-013941-00	AVPI1	60370	NM_021732	0.9556260079	0.6682474476	0.6992771672	0.0170040267	0.9726280375	0.9386239782	0.6561471488	0.6803477465	106388	110232	56220	59476	14	-0.300722832823014
27	I22	sample	M-013976-00	HAPLN2	60484	NM_021817	0.978737334	0.5298071835	0.5413170266	0.0072273588	0.9672158125	0.9902588556	0.5405569431	0.5190574239	105796	116296	46316	45376	14	-0.458682973390148
27	J05	sample	M-017511-00	SF4	57794	NM_172231	0.8946969965	0.517639114	0.5785635987	0.0130339024	0.9335356823	0.8558583106	0.5132466562	0.5220315717	102112	100512	43976	45636	14	-0.421436401369513
27	J06	sample	M-026122-00	DMRTA1	63951	NM_022160	0.913985343	0.5951928652	0.6512061378	0.03397614	0.9551845825	0.8727861035	0.545178684	0.6452070464	104480	102500	46712	56404	14	-0.348793862222799
27	J13	sample	M-010427-00	DBC-1	57805	NM_021174	0.9485213895	0.4162402013	0.4388305904	0.0156482113	0.9824651222	0.9145776567	0.4530706566	0.3794097461	107464	107408	38820	33168	14	-0.561169409588795
27	J15	sample	M-017813-00	LSM2	57819	NM_021177	0.7638315691	0.3327223613	0.4355965042	0.0072273588	0.8042639557	0.7233991826	0.3274900212	0.3379547014	87972	84956	28060	29544	14	-0.56440349582532
27	K09	sample	M-025840-00	ZNF406	57623	NM_020863	0.8289419512	0.5268843094	0.6356106222	0.0170040267	0.8590078806	0.7988760218	0.5111925492	0.5425760695	93960	93820	43800	47432	14	-0.364389377824023
27	L07	sample	M-010057-00	RAP2C	57826	NM_021183	0.9538167195	0.6208980704	0.6509616132	0.0130339024	0.9710189976	0.9366144414	0.613244322	0.6285518188	106212	109996	52544	54948	14	-0.349038386823958
27	L16	sample	M-006414-00	GOLPH3	64083	NM_022130	0.9465056897	0.6404967337	0.6766961262	0.0246188087	0.9917171015	0.9012942779	0.6653906305	0.6156028369	108476	105848	57012	53816	14	-0.323303873743211
27	M12	sample	M-004976-00	RINT-1	60561	NM_021930	0.9161665107	0.6076936735	0.663300466	0.0171657297	0.9447989614	0.8875340599	0.6289769146	0.5864104324	103344	104232	53892	51264	14	-0.336699533942957
27	M23	sample	M-014135-00	KIAA1524	57650	NM_020890	0.9455038801	0.5762080294	0.6094190003	0.0170893833	0.9793933188	0.9116144414	0.6031138395	0.5493022192	107128	107060	51676	48020	14	-0.390580999742636
27	N24	sample	M-015095-00	PP1201	64114	NM_022152	1.0294540729	0.7115790598	0.6912198208	0.0221767274	1.0829204074	0.9759877384	0.7160430429	0.7071150766	118452	114620	61352	61816	14	-0.308780179240573
27	O10	sample	M-015854-00	BRUNOL6	60677	NM_052840	0.9983273273	0.6715980952	0.6727233412	0.030153024	1.0448154175	0.9518392371	0.7147358838	0.6284603066	114284	111784	61240	54940	14	-0.327276658832576
27	O16	sample	M-008360-00	FKBP10	60681	NM_021939	0.9080651287	0.3182551731	0.3504761531	0.0170893833	0.8655171783	0.950613079	0.3634835788	0.2730267673	94672	111640	31144	23868	14	-0.649523846903864
27	P05	sample	M-013780-00	C9ORF27	58483	NM_021208	0.9324673555	0.4945749237	0.5303938211	0.0181907919	0.9781499698	0.8867847411	0.533647674	0.4555021734	106992	104144	45724	39820	14	-0.469606178908727
27	P07	sample	M-013781-00	TRAPPC1	58485	NM_021210	0.6195901268	0.2425470609	0.391463728	0.0241234727	0.7179609076	0.521219346	0.2548493266	0.2302447952	78532	61212	21836	20128	14	-0.608536271950162
27	P09	sample	M-013782-00	LOC58486	58486	NM_021211	0.9246562858	0.5107397878	0.5523563682	0.0346060067	0.9847689748	0.8645435967	0.5740762354	0.4474033402	107716	101532	49188	39112	14	-0.44764363183263
27	P13	sample	M-005929-00	LOC58489	58489	XM_051862	0.8765410704	0.5407818302	0.616949791	0.0181907919	0.9339745113	0.8191076294	0.537569151	0.5439945093	102160	96196	46060	47556	14	-0.383050209006102
27	P14	sample	M-013749-00	XYLT1	64131	NM_022166	0.9675655776	0.6748172221	0.6974382282	0.042012758	1.0044431442	0.9306880109	0.7324758993	0.617158545	109868	109300	62760	53952	14	-0.302561771721227
27	P20	sample	M-014036-00	ZFYVE20	64145	NM_022340	1.0880574622	0.7553983023	0.694263243	0.0261034367	1.1525113821	1.0236035422	0.765154875	0.7456417296	126064	120212	65560	65184	14	-0.305736756947254
30	F05	sample	M-009938-00	ZAP128	10965	NM_006821	0.7126925189	0.4418688623	0.6199992993	0.0382903945	0.6558401174	0.7695449203	0.4295872559	0.4541504688	75083.2	93763.2	45358.4	47664	16	-0.380000700634547
30	F14	sample	M-009452-00	DLGAP4	22839	NM_014902	0.9439860671	0.6587785953	0.6978689816	0.0352567182	0.9520352189	0.9359369152	0.6746652018	0.6428919887	108992.8	114036.8	71235.2	67472.8	16	-0.302131018407175
30	H06	sample	M-020458-00	CPEB3	22849	NM_014912	0.7150476614	0.4871391651	0.6812681047	0.0352567182	0.688389644	0.7417056788	0.4989600894	0.4753182407	78809.6	90371.2	52683.2	49885.6	16	-0.318731895303
30	P12	sample	M-008177-00	ELL2	22936	NM_012081	0.7939054891	0.3955186762	0.4981936535	0.0227924383	0.7708605569	0.8169504212	0.3896652965	0.4013720558	88251.2	99539.2	41143.2	42124.8	16	-0.501806346466651
31	C24	sample	M-010098-00	MCF2L	23263	NM_024979	0.8542557038	0.5095742264	0.5965125245	0.0382903945	0.8604618332	0.8480495743	0.4620368182	0.5571116347	102398.4	99848	47696.8	57506.4	16	-0.403487475456028
31	D11	sample	M-014117-00	SMC5L1	23137	NM_015110	0.8872408827	0.5861902361	0.6606889374	0.0352567182	0.8863433162	0.8881384493	0.6167336358	0.5556468363	105478.4	104568	63666.4	57355.2	16	-0.339311062590911
31	E13	sample	M-021586-00	MYR8	23026	XM_028522	0.9900171401	0.58341097	0.5892938075	0.0352567182	0.9787704615	1.0012638188	0.5477160094	0.6191059305	116477.6	117887.2	56541.6	63905.6	16	-0.410706192559852
35	P17	sample	M-008700-00	HPGD	3248	NM_000860	0.7719420551	0.4376065044	0.5668903533	0.0338425595	0.8000564414	0.7438276689	0.4115878547	0.4636251541	90720	81284	41344	48880	18	-0.433109646662577
41	I15	sample	M-011104-00	RFXAP	5994	NM_000538	0.8790723746	0.5316753237	0.6048140507	0.0118450434	0.8784817134	0.8796630358	0.5156489996	0.5477016479	101556	101916	51700	55572	21	-0.395185949288959
41	I23	sample	M-012665-00	RUNX2	860	NM_004348	0.8082808803	0.5534677498	0.6847468043	0.0351845503	0.8331199612	0.7834417994	0.5109014382	0.5960340613	96312	90768	51224	60476	21	-0.315253195715113
41	L14	sample	M-010376-01	ALDOA	226	NM_000034	0.7744127213	0.4612371756	0.5955960728	0.0118450434	0.7866855818	0.7621398609	0.4741577068	0.4483166443	90944	88300	47540	45488	21	-0.404403927216039
41	N14	sample	M-005228-00	ASAH1	427	NM_004315	0.9377011947	0.6512900786	0.6945603593	0.0118450434	0.930590637	0.9448117523	0.6564002314	0.6461799259	107580	109464	65812	65564	21	-0.305439640723614
43	A09	sample	M-009679-01	OGDH	4967	NM_002541	0.7167470283	0.3374245704	0.4707721931	0.0117865881	0.7283620344	0.7051320223	0.328924178	0.3459249629	90936	89996	36952	37784	21	-0.529227806878008
43	I06	sample	M-009482-00	ACHE	43	NM_000665	0.9102842226	0.5839411587	0.6414932217	0.0184520026	0.9191189427	0.9014495025	0.5548414662	0.6130408511	114752	115052	62332	66960	21	-0.358506778265235
43	M18	sample	M-009022-00	ALOXE3	59344	NM_021628	0.8693666774	0.5580439698	0.6418971238	0.029148071	0.8728554265	0.8658779284	0.5154617151	0.6006262245	108976	110512	57908	65604	21	-0.35810287618012
44	K24	sample	M-005955-00	MMP13	4322	NM_002427	0.9389057865	0.5863160629	0.6244674081	0.0430467388	0.924548701	0.9532628721	0.62830348	0.5443286459	112880	117972	69944	61004	22	-0.375532591928725
44	O23	sample	M-020491-01	TNPO2	30000	NM_013433	0.7988024977	0.4913329556	0.6150869045	0.0246222696	0.8324542149	0.7651507806	0.4924453387	0.4902205725	101636	94692	54820	54940	22	-0.384913095559984
45	E24	sample	M-008178-01	PRDX2	7001	NM_005809	1.0085932489	0.6925893859	0.6866885007	0.0394986595	0.9916565782	1.0255299196	0.7252548853	0.6599238866	121232	126856	81948	76992	22	-0.313311499253681
45	J12	sample	M-003772-06	CFLAR	8837	NM_003879	0.6825489554	0.3590198331	0.5259986559	0.040492937	0.7080783954	0.6570195153	0.327598414	0.3904412521	86564	81272	37016	45552	22	-0.474001344173327
45	J16	sample	M-007880-01	CXCL6	6372	NM_002993	1.0097040194	0.5357839053	0.5306346166	0.0099151763	1.0129568432	1.0064511957	0.5434367035	0.5281311071	123836	124496	61404	61616	22	-0.469365383340903
45	O11	sample	M-004736-00	TKTL1	8277	NM_012253	0.8073485707	0.4784649457	0.592637385	0.0246222696	0.812452966	0.8022441753	0.4937694704	0.463160421	99324	99236	55792	54036	22	-0.407362614991954
46	F20	sample	M-013642-00	ANAPC4	29945	NM_013367	0.6284517255	0.840837284	1.337950474	0.0285203225	0.6146077935	0.6422956575	0.8419794174	0.8396951506	80092	84160	104232	103788	22	0.337950473970017
46	H05	sample	M-012574-00	DNCI2	1781	NM_001378	0.5114705502	0.7218950401	1.4114107642	0.0246222696	0.5139278972	0.5090132031	0.7117630903	0.7320269899	66972	66696	88112	90480	22	0.41141076429188
47	F09	sample	M-009317-00	KIF1B	23095	NM_015074	0.7928588554	0.4847349529	0.6113760975	0.0287871605	0.7683606557	0.8173570551	0.4406418739	0.5288280318	93740	97120	46352	54996	23	-0.38862390254133
47	G17	sample	M-006977-00	UHRF1	29128	NM_013282	0.6124203519	0.8435619446	1.3774231082	0.0158628642	0.6349836066	0.5898570972	0.8577458362	0.829378053	77468	70088	90228	86252	23	0.37742310813626
47	J17	sample	M-006896-01	EPM2A	7957	NM_005670	0.8988674529	0.5476988348	0.6093210217	0.0052188733	0.8878360656	0.9098988403	0.5376454483	0.5577522212	108316	108116	56556	58004	23	-0.390678978360488
47	O24	sample	M-012572-00	CTNND1	1500	NM_001331	0.7936526594	0.5103591227	0.6430509829	0.0431995456	0.8399016393	0.7474036795	0.462696783	0.5580214624	102468	88808	48672	58032	23	-0.356949017110545
47	P15	sample	M-007909-00	DUSP23	54935	NM_017823	0.7408191506	0.3997981652	0.5396703972	0.0287871605	0.662295082	0.8193432193	0.4257357974	0.3738605331	80800	97356	44784	38880	23	-0.460329602846775
47	P17	sample	M-008782-00	GPD1	2819	NM_005276	0.866189695	0.5467991288	0.6312694921	0.015307503	0.8266885246	0.9056908653	0.5302304358	0.5633678218	100856	107616	55776	58588	23	-0.368730507892312
48	C23	sample	M-008033-01	MPRA	164091	NM_178422	0.9829083875	0.6825722672	0.6944413904	0.0142591776	0.9951605251	0.97065625	0.7015450952	0.6635994393	125848	124244	78096	73848	23	-0.305558609636671
48	H11	sample	M-017974-00	TREM1	54210	NM_018643	0.7731845099	0.5174220635	0.6692090398	0.0052188733	0.7709315198	0.7754375	0.5112827884	0.5235613386	97492	99256	56916	58264	23	-0.330790960146213
50	A15	sample	M-019593-00	PLRG1	5356	NM_002669	0.5838610025	0.916287182	1.5693584228	0.0294447733	0.5720314269	0.5956905782	0.9068468567	0.9257275073	66692	71216	99044	104024	24	0.569358422635073
50	I11	sample	M-014883-00	PROK1	84432	NM_032414	0.9459288006	0.6541097397	0.6914999726	0.0314341211	0.9606477511	0.9312098501	0.6804006666	0.6278188129	112000	111328	74312	70548	24	-0.30850002734339
50	I13	sample	M-011887-00	PSPN	5623	NM_004158	0.8301786385	0.5795430599	0.6980944016	0.0314341211	0.8404295468	0.8199277302	0.6023182992	0.5567678206	97984	98024	65784	62564	24	-0.301905598357552
50	P10	sample	M-020313-00	CNOT2	4848	NM_014515	0.8330285297	0.5529371106	0.6637673151	0.0314341211	0.8732974234	0.792759636	0.5517405556	0.5541336656	101816	94776	60260	62268	24	-0.336232684852786
51	B11	sample	M-008895-00	RSC1A1	6248	NM_006511	0.9403464172	0.6428716586	0.6836540734	0.0309989479	0.9195876975	0.9611051369	0.6544297343	0.6313135828	110448	116188	74444	70620	24	-0.316345926574345
51	J17	sample	M-007602-00	SLC6A2	6530	NM_001043	0.8673015	0.583385325	0.6726442016	0.0294447733	0.8573426806	0.8772603193	0.5722524043	0.5945182457	102972	106052	65096	66504	24	-0.327355798377344
51	M08	sample	M-011306-00	KPNA3	3839	NM_002267	1.0121979262	0.6441865107	0.6364234642	0.0314341211	1.0270594308	0.9973364215	0.61100269	0.6773703313	123356	120568	69504	75772	24	-0.363576535766843
54	B13	sample	M-003255-02	CHEK1	1111	NM_001274	0.6751684846	0.294216019	0.4357668134	0.0004592934	0.6757013052	0.674635664	0.2788608657	0.3095711723	78380	82400	33900	37972	26	-0.564233186662575
56	K08	sample	M-005050-00	WEE1	7465	NM_003390	0.6514769197	0.3451666083	0.5298216988	0.0037690159	0.6423927608	0.6605610786	0.3650805379	0.3252526788	77664	77608	39528	34240	27	-0.470178301160774
56	P19	sample	M-004875-01	STK39	27347	NM_013233	0.606311474	0.2441265537	0.4026421471	0.0096618	0.5675528131	0.6450701348	0.2122062953	0.2760468121	68616	75788	22976	29060	27	-0.597357852871292
57	H17	sample	M-017755-00	LOC90925	90925	NM_175870	0.8373403338	0.5754256167	0.6872063765	0.0284635119	0.8349676116	0.839713056	0.5647072956	0.5861439377	84300	87792	56412	58428	28	-0.31279362354538
58	P09	sample	M-018862-00	NCOA7	135112	NM_181782	0.9102511933	0.5640247892	0.6196364184	0.0284635119	0.9460525856	0.8744498009	0.5600645801	0.5679849983	108376	108472	66604	66636	28	-0.38036358163269
58	P15	sample	M-018571-00	NDEL1	81565	NM_030808	0.7777477582	0.4915980375	0.6320790158	0.0284635119	0.7870386536	0.7684568628	0.4965271354	0.4866689397	90160	95324	59048	57096	28	-0.367920984191916
61	A21	sample	M-020986-00	NAG	51594	NM_015909	1.0158542414	0.563249301	0.5544587777	0.0076246569	1.0357932277	0.9959152552	0.5670812752	0.5594173269	111528	109716	57172	61292	30	-0.445541222285951
61	A23	sample	M-020978-00	C6ORF82	51596	NM_015921	0.9888544103	0.5558478428	0.5621129228	0.0076246569	0.9968980441	0.9808107765	0.5481164078	0.5635792779	107340	108052	55260	61748	30	-0.437887077146811
61	F05	sample	M-007436-00	SLCO1C1	53919	NM_017435	0.5297543804	0.8579304007	1.619487129	0.0405440151	0.5111726136	0.5483361473	0.8008887302	0.9149720711	55040	60408	80744	100248	30	0.619487128961974
61	J05	sample	M-017016-00	MIG-6	54206	NM_018948	0.7941752104	0.4978344569	0.6268572103	0.0209092213	0.797035496	0.7913149247	0.4899918665	0.5056770472	85820	87176	49400	55404	30	-0.373142789699266
